-- Заповнення тіблиць данними
INSERT INTO Genres (GenreName)
VALUES 
    (N'Драма'),
    (N'Комедія'),
    (N'Трилер'),
    (N'Фантастика'),
    (N'Жахи'),
    (N'Анімація'),
    (N'Бойовик');

INSERT INTO Directors (FirstName, LastName, DateOfBirth)
VALUES 
    (N'Олександр', N'Довженко', '1894-09-10'),
    (N'Лариса', N'Шепітько', '1938-01-06'),
    (N'Стівен', N'Спілберг', '1946-12-18'),
    (N'Квентін', N'Тарантіно', '1963-03-27'),
    (N'Андрій', N'Тарковський', '1932-04-04'),
    (N'Крістофер', N'Нолан', '1970-07-30');

INSERT INTO Movies (Title, ReleaseDate, Duration, GenreID, DirectorID, Description)
VALUES 
    (N'Земля', '1930-04-08', 75, 1, 1, N'Фільм про колективізацію та трагедії українського села.'),
    (N'Тіні забутих предків', '1965-09-04', 97, 1, 2, N'Культовий український фільм про любов і традиції гуцулів.'),
    (N'Парк Юрського періоду', '1993-06-11', 127, 4, 3, N'Наукова фантастика про відтворення динозаврів у сучасному світі.'),
    (N'Кримінальне чтиво', '1994-10-14', 154, 3, 4, N'Культовий трилер з елементами чорної комедії.'),
    (N'Соляріс', '1972-05-20', 166, 4, 5, N'Фантастичний фільм про контакт з невідомою формою життя.'),
    (N'Інтерстеллар', '2014-11-07', 169, 4, 6, N'Фільм про подорожі в космосі для порятунку людства.');

INSERT INTO Halls (Name, Capacity)
VALUES
    (N'Червоний зал', 100),
    (N'Зелений зал', 150),
    (N'Синій зал', 120);

INSERT INTO Seats (HallID, RowNumber, SeatNumber)
VALUES
    (1, 1, 1), (1, 1, 2), (1, 1, 3), (1, 1, 4), (1, 1, 5), (1, 1, 6), (1, 1, 7), (1, 1, 8), (1, 1, 9), (1, 1, 10),
    (1, 2, 1), (1, 2, 2), (1, 2, 3), (1, 2, 4), (1, 2, 5), (1, 2, 6), (1, 2, 7), (1, 2, 8), (1, 2, 9), (1, 2, 10),
    (1, 3, 1), (1, 3, 2), (1, 3, 3), (1, 3, 4), (1, 3, 5), (1, 3, 6), (1, 3, 7), (1, 3, 8), (1, 3, 9), (1, 3, 10),
    (1, 4, 1), (1, 4, 2), (1, 4, 3), (1, 4, 4), (1, 4, 5), (1, 4, 6), (1, 4, 7), (1, 4, 8), (1, 4, 9), (1, 4, 10),
    (1, 5, 1), (1, 5, 2), (1, 5, 3), (1, 5, 4), (1, 5, 5), (1, 5, 6), (1, 5, 7), (1, 5, 8), (1, 5, 9), (1, 5, 10),
    (1, 6, 1), (1, 6, 2), (1, 6, 3), (1, 6, 4), (1, 6, 5), (1, 6, 6), (1, 6, 7), (1, 6, 8), (1, 6, 9), (1, 6, 10),
    (1, 7, 1), (1, 7, 2), (1, 7, 3), (1, 7, 4), (1, 7, 5), (1, 7, 6), (1, 7, 7), (1, 7, 8), (1, 7, 9), (1, 7, 10),
    (1, 8, 1), (1, 8, 2), (1, 8, 3), (1, 8, 4), (1, 8, 5), (1, 8, 6), (1, 8, 7), (1, 8, 8), (1, 8, 9), (1, 8, 10),
    (1, 9, 1), (1, 9, 2), (1, 9, 3), (1, 9, 4), (1, 9, 5), (1, 9, 6), (1, 9, 7), (1, 9, 8), (1, 9, 9), (1, 9, 10),
    (1, 10, 1), (1, 10, 2), (1, 10, 3), (1, 10, 4), (1, 10, 5), (1, 10, 6), (1, 10, 7), (1, 10, 8), (1, 10, 9), (1, 10, 10);

INSERT INTO Seats (HallID, RowNumber, SeatNumber)
VALUES
    (2, 1, 1), (2, 1, 2), (2, 1, 3), (2, 1, 4), (2, 1, 5), (2, 1, 6), (2, 1, 7), (2, 1, 8), (2, 1, 9), (2, 1, 10),
    (2, 2, 1), (2, 2, 2), (2, 2, 3), (2, 2, 4), (2, 2, 5), (2, 2, 6), (2, 2, 7), (2, 2, 8), (2, 2, 9), (2, 2, 10),
    (2, 3, 1), (2, 3, 2), (2, 3, 3), (2, 3, 4), (2, 3, 5), (2, 3, 6), (2, 3, 7), (2, 3, 8), (2, 3, 9), (2, 3, 10),
    (2, 4, 1), (2, 4, 2), (2, 4, 3), (2, 4, 4), (2, 4, 5), (2, 4, 6), (2, 4, 7), (2, 4, 8), (2, 4, 9), (2, 4, 10),
    (2, 5, 1), (2, 5, 2), (2, 5, 3), (2, 5, 4), (2, 5, 5), (2, 5, 6), (2, 5, 7), (2, 5, 8), (2, 5, 9), (2, 5, 10),
    (2, 6, 1), (2, 6, 2), (2, 6, 3), (2, 6, 4), (2, 6, 5), (2, 6, 6), (2, 6, 7), (2, 6, 8), (2, 6, 9), (2, 6, 10),
    (2, 7, 1), (2, 7, 2), (2, 7, 3), (2, 7, 4), (2, 7, 5), (2, 7, 6), (2, 7, 7), (2, 7, 8), (2, 7, 9), (2, 7, 10),
    (2, 8, 1), (2, 8, 2), (2, 8, 3), (2, 8, 4), (2, 8, 5), (2, 8, 6), (2, 8, 7), (2, 8, 8), (2, 8, 9), (2, 8, 10),
    (2, 9, 1), (2, 9, 2), (2, 9, 3), (2, 9, 4), (2, 9, 5), (2, 9, 6), (2, 9, 7), (2, 9, 8), (2, 9, 9), (2, 9, 10),
    (2, 10, 1), (2, 10, 2), (2, 10, 3), (2, 10, 4), (2, 10, 5), (2, 10, 6), (2, 10, 7), (2, 10, 8), (2, 10, 9), (2, 10, 10),
    (2, 11, 1), (2, 11, 2), (2, 11, 3), (2, 11, 4), (2, 11, 5), (2, 11, 6), (2, 11, 7), (2, 11, 8), (2, 11, 9), (2, 11, 10),
    (2, 12, 1), (2, 12, 2), (2, 12, 3), (2, 12, 4), (2, 12, 5), (2, 12, 6), (2, 12, 7), (2, 12, 8), (2, 12, 9), (2, 12, 10),
    (2, 13, 1), (2, 13, 2), (2, 13, 3), (2, 13, 4), (2, 13, 5), (2, 13, 6), (2, 13, 7), (2, 13, 8), (2, 13, 9), (2, 13, 10),
    (2, 14, 1), (2, 14, 2), (2, 14, 3), (2, 14, 4), (2, 14, 5), (2, 14, 6), (2, 14, 7), (2, 14, 8), (2, 14, 9), (2, 14, 10),
    (2, 15, 1), (2, 15, 2), (2, 15, 3), (2, 15, 4), (2, 15, 5), (2, 15, 6), (2, 15, 7), (2, 15, 8), (2, 15, 9), (2, 15, 10);

INSERT INTO Seats (HallID, RowNumber, SeatNumber)
VALUES
    (3, 1, 1), (3, 1, 2), (3, 1, 3), (3, 1, 4), (3, 1, 5), (3, 1, 6), (3, 1, 7), (3, 1, 8), (3, 1, 9), (3, 1, 10),
    (3, 2, 1), (3, 2, 2), (3, 2, 3), (3, 2, 4), (3, 2, 5), (3, 2, 6), (3, 2, 7), (3, 2, 8), (3, 2, 9), (3, 2, 10),
    (3, 3, 1), (3, 3, 2), (3, 3, 3), (3, 3, 4), (3, 3, 5), (3, 3, 6), (3, 3, 7), (3, 3, 8), (3, 3, 9), (3, 3, 10),
    (3, 4, 1), (3, 4, 2), (3, 4, 3), (3, 4, 4), (3, 4, 5), (3, 4, 6), (3, 4, 7), (3, 4, 8), (3, 4, 9), (3, 4, 10),
    (3, 5, 1), (3, 5, 2), (3, 5, 3), (3, 5, 4), (3, 5, 5), (3, 5, 6), (3, 5, 7), (3, 5, 8), (3, 5, 9), (3, 5, 10),
    (3, 6, 1), (3, 6, 2), (3, 6, 3), (3, 6, 4), (3, 6, 5), (3, 6, 6), (3, 6, 7), (3, 6, 8), (3, 6, 9), (3, 6, 10),
    (3, 7, 1), (3, 7, 2), (3, 7, 3), (3, 7, 4), (3, 7, 5), (3, 7, 6), (3, 7, 7), (3, 7, 8), (3, 7, 9), (3, 7, 10),
    (3, 8, 1), (3, 8, 2), (3, 8, 3), (3, 8, 4), (3, 8, 5), (3, 8, 6), (3, 8, 7), (3, 8, 8), (3, 8, 9), (3, 8, 10),
    (3, 9, 1), (3, 9, 2), (3, 9, 3), (3, 9, 4), (3, 9, 5), (3, 9, 6), (3, 9, 7), (3, 9, 8), (3, 9, 9), (3, 9, 10),
    (3, 10, 1), (3, 10, 2), (3, 10, 3), (3, 10, 4), (3, 10, 5), (3, 10, 6), (3, 10, 7), (3, 10, 8), (3, 10, 9), (3, 10, 10),
    (3, 11, 1), (3, 11, 2), (3, 11, 3), (3, 11, 4), (3, 11, 5), (3, 11, 6), (3, 11, 7), (3, 11, 8), (3, 11, 9), (3, 11, 10),
    (3, 12, 1), (3, 12, 2), (3, 12, 3), (3, 12, 4), (3, 12, 5), (3, 12, 6), (3, 12, 7), (3, 12, 8), (3, 12, 9), (3, 12, 10),

INSERT INTO Customers (FirstName, LastName, Email, Phone)
VALUES 
    (N'Іван', N'Іваненко', 'ivan.ivanenko@email.com', '+380501234567'),
    (N'Олена', N'Коваленко', 'olena.kovalenko@email.com', '+380671234567'),
    (N'Тарас', N'Шевченко', 'taras.shevchenko@email.com', '+380931234567');

INSERT INTO EmployeeRoles (RoleName, Responsibilities)
VALUES 
    (N'Касир', N'Обслуговування клієнтів, продаж квитків'),
    (N'Адміністратор', N'Координація роботи залів, управління співробітниками');

INSERT INTO Employees (FirstName, LastName, RoleID, HireDate, Salary)
VALUES 
    (N'Олег', N'Петренко', 1, '2020-02-15', 12000.00),
    (N'Світлана', N'Гончаренко', 2, '2019-05-12', 15000.00);

INSERT INTO ProductCategories (CategoryName)
VALUES 
    (N'Напої'), 
    (N'Закуски'), 
    (N'Сувеніри');

INSERT INTO StoreProducts (ProductName, CategoryID, Price, QuantityAvailable)
VALUES
    (N'Кола', 1, 25.00, 50),
    (N'Попкорн', 2, 30.00, 100),
    (N'Футболка з логотипом кінотеатру', 3, 150.00, 20);

INSERT INTO Sessions (MovieID, HallID, SessionTime)
VALUES 
    (1, 1, '2024-10-05 14:00'),
    (2, 2, '2024-10-05 16:00'),
    (3, 3, '2024-10-05 18:00'),
    (4, 1, '2024-10-06 14:00'),
    (5, 2, '2024-10-06 16:00'),
    (6, 3, '2024-10-06 18:00');

INSERT INTO CustomerFeedback (CustomerID, FeedbackText, Rating, FeedbackDate)
VALUES 
    (1, N'Дуже сподобався фільм, чудова атмосфера!', 5, '2024-10-02 10:00'),
    (2, N'Хороший сервіс, але звук у залі міг бути кращим.', 4, '2024-10-03 11:00'),
    (3, N'Занадто дорогі квитки для такого рівня обслуговування.', 3, '2024-10-04 12:00');

INSERT INTO Promotions (PromotionName, DiscountPercent, StartDate, EndDate)
VALUES
    (N'Знижка на ранкові сеанси', 15.00, '2024-10-01', '2024-10-31'),
    (N'День народження в кінотеатрі', 10.00, '2024-10-01', '2024-12-31');

INSERT INTO CustomerLoyalty (CustomerID, PointsEarned, AvailablePromotions, LastUpdated)
VALUES
    (1, 100, 1, '2024-10-01 10:00'),
    (2, 200, 2, '2024-10-02 11:00'),
    (3, 150, NULL, '2024-10-03 12:00');

INSERT INTO Tickets (SessionID, SeatID, Price, PurchaseDate, CustomerID, EmployeeID)
VALUES 
    (1, 1, 100.00, '2024-10-01 12:30', 1, 1),
    (2, 2, 120.00, '2024-10-01 13:00', 2, 2),
    (3, 3, 110.00, '2024-10-02 14:00', 3, 1),
    (4, 4, 100.00, '2024-10-02 15:00', 1, 2),
    (5, 5, 120.00, '2024-10-03 16:00', 2, 1),
    (6, 6, 110.00, '2024-10-03 17:00', 3, 2);
